Body-1,3205,24,48
Body-11,13205,24,48
Body-21,283272,24,48
Body-101,267205,32,32
Body-102,267245,64,80
Body-103,267289,16,16
Body-104,267325,24,24
Body-105,267361,32,32
Body-106,267397,32,32
Body-107,267441,32,32
Body-108,267485,32,32
Body-109,267529,32,32
Body-110,267565,32,32
Body-111,267601,32,32
Body-112,267637,32,32
Body-113,267673,32,32
Body-114,267709,32,32
Body-115,267753,44,44
Body-116,231305,48,48
Body-117,267821,48,48
Body-118,267857,48,48
Body-119,267909,48,48
Body-120,267945,90,60
Body-121,267996,48,48
Body-122,268029,24,24
Body-123,268065,32,32
Body-124,268105,16,16
Body-125,268153,95,95
Body-126,268189,32,32
Body-127,268229,32,32
Body-128,268269,32,32
Body-129,268305,24,48
Body-130,268341,32,32
Body-131,268377,32,32
Body-132,268413,64,64
Body-133,268449,48,48
Body-134,268484,32,64
Body-135,268517,32,32
Body-136,268553,64,64
Body-137,268592,48,48
Body-138,268625,48,64
Body-139,268681,95,95
Body-140,268721,46,46
Body-141,268765,64,64
Body-142,268805,52,80
Body-143,268825,104,160
Body-144,268845,75,75
Body-145,51297,32,32
Body-146,268917,48,64
Body-147,268889,48,64
Body-148,268949,95,95
Body-149,268989,80,80
Body-150,269029,68,68
Body-151,269073,32,32
Body-152,51413,32,64
Body-153,269113,94,94
Body-154,269157,48,64
Body-155,269193,48,64
Body-156,269229,64,64
Body-157,269269,64,64
Body-158,269309,32,32
Body-159,269333,32,32
Body-160,269357,104,160
Body-161,269377,80,64
Body-162,269425,32,32
Body-163,269480,32,32
Body-164,269535,32,32
Body-165,270471,128,128
Body-166,270492,64,64
Body-167,270520,48,64
Body-168,270696,64,64
Body-169,270848,24,48
Body-170,272170,48,64
Body-171,272231,96,96
Body-172,272283,104,160
Body-173,263685,64,64
Body-174,263729,96,96
Body-175,263777,32,32
Body-176,264037,72,96
Body-177,264045,48,64
Body-178,264053,48,64
Body-179,264061,48,64
Body-180,264069,48,64
Body-181,264581,48,64
Body-182,264593,128,128
Body-183,264807,48,64
Body-184,265177,48,64
Body-185,265381,128,128
Body-186,265758,48,64
Body-187,266178,80,80
Body-188,266202,80,80
Body-189,266562,64,64
Body-190,267446,48,64
Body-191,267490,96,96
Body-192,267678,104,160
Body-193,268465,208,320
Body-194,268417,64,86
Body-195,268672,32,32
Body-196,268700,72,96
Body-197,268736,48,64
Body-198,268772,72,96
Body-199,268807,32,32
Body-200,269816,48,64
Body-201,270000,48,64
Body-202,270618,32,32
Body-203,270879,208,320
Body-204,270903,32,32
Body-205,270951,32,32
Body-206,270999,32,32
Body-207,271047,32,32
Body-208,271619,48,64
Body-209,271623,48,64
Body-210,271627,48,64
Body-211,271631,48,64
Body-212,271635,64,64
Body-213,271643,96,96
Body-214,271691,128,96
Body-215,272251,48,64
Body-216,272255,64,64
Body-217,272259,64,64
Body-218,272569,48,64
Body-219,272716,48,64
Body-220,273678,72,96
Body-221,273798,72,96
Body-222,274342,50,50
Body-223,274402,50,50
Body-224,278214,72,96
Body-225,278250,72,96
Body-226,278286,48,64
Body-227,280531,104,160
Body-228,281265,60,60
Body-229,281300,60,50
Body-230,281500,48,64
Body-231,281536,72,96
Body-232,281572,72,96
Body-233,281663,128,128
Body-234,281700,62,32
Body-235,282959,104,160
Body-236,283007,64,64
Body-237,282839,48,64
Body-238,282135,72,96
Body-239,287541,104,160
Body-240,282357,164,164
Body-241,282405,64,64
Body-242,283467,128,128
Body-243,283475,128,128
Body-244,284193,104,160
Body-245,285796,256,256
Body-246,285819,30,30
Body-247,285856,140,256
Body-248,285879,40,40
Body-249,287009,32,32
Body-250,287049,48,64
Body-251,287085,72,96
Body-252,287121,72,96
Body-253,287433,42,80
Body-254,287457,48,64
Body-255,287493,64,64
Body-256,287156,32,32
Body-257,287977,104,160
Body-258,288001,64,64
Body-259,288385,32,32
Body-260,288396,32,32
Body-261,288432,104,160
Body-262,288557,32,32
Body-263,288565,64,64
Body-264,288573,64,64
Body-265,288581,64,64
Body-266,288589,64,64
Body-267,288597,64,64
Body-268,288605,64,64
Body-269,289053,180,180
Body-270,291825,64,64
Body-271,289129,104,160
Body-272,289530,9,15
Body-273,290285,104,160
Body-274,290625,104,160
Body-275,290607,32,32
Body-276,290392,70,60
Body-277,290869,48,64
Body-278,291017,48,64
Body-279,291171,64,64
Body-280,291181,64,64
Body-281,291191,64,48
Body-282,291205,32,32
Body-283,291411,48,64
Body-284,291421,48,64
Body-285,291431,48,64
Body-286,291441,48,64
Body-287,291451,48,64
Body-288,291461,48,64
Body-289,291471,32,32
Body-290,291485,48,64
Body-291,291800,52,80
Body-292,291949,104,160
Body-293,291973,104,160
Body-294,291949,104,160
Body-295,291973,104,160
Body-296,292201,64,64
Body-297,292209,64,64
Body-298,292411,48,64
Body-299,292505,64,96
Body-300,293491,48,64
Body-301,293205,52,80
Body-302,293325,52,80
Body-303,293346,48,64
Body-304,295605,320,320
Body-305,296275,64,64
Body-306,296330,64,64
Body-307,296380,64,64
Body-308,296440,64,64
Body-309,299076,104,160
Body-310,299291,48,64
Body-311,299491,48,64
Body-312,300185,52,80
Body-313,332501,32,32
Body-314,300245,104,160
Body-315,301031,48,64
Body-316,301930,104,160
Body-317,392190,48,64
Body-318,392235,104,160
Body-319,395270,48,64
Body-320,395270,48,64
Body-321,395650,32,32
Body-322,395721,160,160
Body-323,395735,104,160
Body-324,395760,32,32
Body-325,396270,48,64
Body-326,396310,48,64
Body-327,396350,48,64
Body-328,397200,24,24
Body-329,397240,36,36
Body-330,397285,42,42
Body-331,397801,32,32
Body-332,398805,104,160
Body-333,399625,64,64
Body-334,417020,52,80
Body-335,417045,64,64
Body-336,417283,32,32
Hair-1,23205,48,64
Hair-2,23369,48,64
Hair-3,23533,48,64
Hair-4,23697,48,64
Hair-5,23861,48,64
Hair-6,24025,48,64
Hair-7,24189,48,64
Hair-8,24353,48,64
Hair-9,24517,48,64
Hair-10,24681,48,64
Hair-11,24845,48,64
Hair-12,25009,48,64
Hair-13,25173,48,64
Hair-14,25337,48,64
Hair-15,25501,48,64
Hair-17,25665,48,64
Hair-18,270560,48,64
Hair-19,265598,48,64
Hair-20,269828,48,64
Hair-21,270008,48,64
Hair-22,272115,48,64
Hair-23,272433,48,64
Hair-24,272580,48,64
Hair-25,282703,48,64
Hair-26,291029,48,64
Hair-27,292225,48,64
Hair-28,293360,72,96
Hair-29,299105,48,64
Hair-30,299505,48,64
Hair-16,300855,48,64
Eyes-1,35205,24,48
Eyes-2,35369,24,48
Eyes-3,35533,24,48
Eyes-4,35697,24,48
Eyes-5,35861,24,48
Eyes-6,36025,48,64
Eyes-7,36185,24,48
Eyes-8,36337,24,48
Eyes-9,36457,48,64
Eyes-10,272034,48,64
Eyes-11,264525,24,48
Eyes-12,264671,24,48
Eyes-13,265041,48,64
Eyes-14,273938,72,96
Eyes-15,274078,72,96
Eyes-16,281936,48,64
Eyes-17,290881,48,64
Eyes-18,293315,48,64
Chest-1,67205,24,48
Chest-2,67369,24,48
Chest-3,67533,48,64
Chest-4,67697,24,48
Chest-5,67861,24,48
Chest-6,68025,24,48
Chest-7,68189,24,48
Chest-8,68353,24,48
Chest-9,68517,24,48
Chest-10,68681,48,64
Chest-11,68845,48,64
Chest-12,69009,48,64
Chest-13,69173,24,48
Chest-14,69337,48,64
Chest-15,69497,24,48
Chest-16,69657,24,48
Chest-17,69817,48,64
Chest-18,69977,48,64
Chest-19,70297,48,64
Chest-20,70457,24,48
Chest-21,70617,48,64
Chest-22,70777,48,64
Chest-23,70937,72,96
Chest-24,71097,48,64
Chest-25,71269,48,64
Chest-26,71429,48,64
Chest-27,71589,48,64
Chest-28,71737,48,64
Chest-29,71897,48,64
Chest-30,72057,48,64
Chest-31,72489,48,64
Chest-32,72649,48,64
Chest-33,72809,48,64
Chest-34,72969,48,64
Chest-35,73129,48,64
Chest-36,73289,48,64
Chest-37,73449,72,96
Chest-38,264081,24,48
Chest-39,265185,48,64
Chest-40,267015,48,64
Chest-41,266821,48,64
Chest-42,267240,48,64
Chest-43,268033,48,64
Chest-44,269568,48,64
Chest-45,270178,48,64
Chest-46,271459,48,64
Chest-47,272945,48,64
Chest-48,275752,48,64
Chest-49,279101,72,96
Chest-50,279381,72,96
Chest-51,279661,72,96
Chest-52,279941,72,96
Chest-53,280221,72,96
Chest-54,283301,48,64
Chest-55,284133,48,64
Chest-56,284765,48,64
Chest-57,285433,48,64
Chest-58,286101,48,64
Chest-59,286769,48,64
Chest-60,287237,48,64
Chest-61,281841,48,64
Chest-62,282005,48,64
Chest-63,282165,48,64
Chest-64,282580,48,64
Chest-65,282908,48,64
Chest-66,283487,48,64
Chest-67,283988,48,64
Chest-68,284517,48,64
Chest-69,285033,48,64
Chest-70,287813,48,64
Chest-71,288757,48,64
Chest-72,289321,48,64
Chest-73,289685,48,64
Chest-75,290709,48,64
Chest-76,292595,48,64
Chest-77,293735,48,64
Chest-78,294745,48,64
Chest-79,295125,48,64
Chest-80,295325,48,64
Chest-81,297175,48,64
Chest-82,298140,48,64
Chest-83,299505,48,64
Chest-84,299805,48,64
Chest-85,301645,48,64
Chest-86,301955,48,64
Chest-87,391825,48,64
Chest-88,393060,48,64
Chest-89,393655,48,64
Chest-90,394370,48,64
Chest-91,394725,48,64
Chest-92,395310,48,64
Chest-93,398195,48,64
Chest-94,399845,48,64
Chest-95,400389,48,64
Chest-96,400893,48,64
Chest-97,401350,48,64
Chest-98,402285,48,64
Chest-99,402995,48,64
Chest-100,403745,48,64
Chest-101,404540,48,64
Chest-102,405460,48,64
Chest-103,405285,48,64
Chest-104,405080,48,64
Chest-105,405830,48,64
Chest-106,406580,48,64
Chest-107,407410,48,64
Chest-108,408005,48,64
Chest-109,408350,48,64
Chest-110,409100,48,64
Chest-111,409850,48,64
Chest-112,410695,48,64
Chest-113,411630,48,64
Chest-114,412420,48,64
Chest-115,413005,48,64
Chest-116,413360,48,64
Chest-117,414110,48,64
Chest-118,414870,48,64
Chest-119,415620,48,64
Chest-120,416355,48,64
Chest-121,416760,24,48
Helm-1,107205,24,48
Helm-2,107369,48,64
Helm-3,107533,48,64
Helm-4,107697,24,48
Helm-5,107861,48,64
Helm-6,108025,48,64
Helm-7,108189,48,64
Helm-8,108353,48,64
Helm-9,108517,48,64
Helm-10,108681,48,64
Helm-11,108845,48,64
Helm-12,109009,48,64
Helm-13,109173,48,64
Helm-14,109337,48,64
Helm-15,109501,48,64
Helm-16,109665,24,48
Helm-17,109829,48,64
Helm-18,109993,48,64
Helm-19,110157,24,48
Helm-20,110321,24,48
Helm-21,110485,48,64
Helm-22,110649,72,96
Helm-23,110813,48,64
Helm-24,110977,48,64
Helm-25,111141,24,48
Helm-26,111305,48,64
Helm-27,111469,72,96
Helm-28,111633,48,64
Helm-29,111797,48,64
Helm-30,111959,48,64
Helm-31,110625,48,64
Helm-32,112259,48,64
Helm-33,112299,48,64
Helm-34,112339,48,64
Helm-35,112739,48,64
Helm-36,112899,48,64
Helm-37,113059,48,64
Helm-38,113219,48,64
Helm-39,113379,48,64
Helm-40,113539,48,64
Helm-41,113699,48,64
Helm-42,113859,48,64
Helm-43,114023,48,64
Helm-44,114159,72,96
Helm-45,114319,48,64
Helm-46,114479,24,48
Helm-47,114615,48,64
Helm-48,114775,48,64
Helm-49,114935,72,96
Helm-50,115095,48,64
Helm-51,115435,48,64
Helm-52,115555,24,48
Helm-53,115691,48,64
Helm-54,115827,24,48
Helm-55,115963,48,64
Helm-56,72217,48,64
Helm-57,116099,48,64
Helm-58,116235,48,64
Helm-59,116371,48,64
Helm-60,116507,48,64
Helm-61,116667,48,64
Helm-62,116827,48,64
Helm-63,116963,72,96
Helm-64,117099,72,96
Helm-65,117235,72,96
Helm-66,117371,48,64
Helm-67,117531,48,64
Helm-68,117667,48,64
Helm-69,117803,48,64
Helm-70,117939,48,64
Helm-71,118075,48,64
Helm-72,118231,48,64
Helm-73,118347,72,96
Helm-74,269951,48,64
Helm-75,270099,48,64
Helm-76,270239,48,64
Helm-77,270708,48,64
Helm-78,271434,48,64
Helm-79,271794,48,64
Helm-80,271794,48,64
Helm-81,262706,48,64
Helm-82,262846,48,64
Helm-83,262986,48,64
Helm-84,263126,48,64
Helm-85,263266,48,64
Helm-86,263405,48,64
Helm-87,263545,48,64
Helm-88,264245,48,64
Helm-89,264385,48,64
Helm-90,266014,48,64
Helm-91,266286,48,64
Helm-92,266421,48,64
Helm-93,266625,48,64
Helm-94,267304,48,64
Helm-95,267538,48,64
Helm-96,267051,48,64
Helm-97,267456,48,64
Helm-98,267813,48,64
Helm-99,269136,48,64
Helm-100,269276,48,64
Helm-101,269416,48,64
Helm-102,269332,48,64
Helm-103,270478,48,64
Helm-104,270666,48,64
Helm-105,271275,48,64
Helm-106,272267,48,64
Helm-107,272781,48,64
Helm-108,273273,72,96
Helm-109,274549,48,64
Helm-110,274689,48,64
Helm-111,274829,72,96
Helm-112,274870,72,96
Helm-113,275046,48,64
Helm-114,275186,48,64
Helm-115,275326,48,64
Helm-116,275916,48,64
Helm-117,279241,72,96
Helm-118,279521,72,96
Helm-119,279801,72,96
Helm-120,280081,72,96
Helm-121,280361,72,96
Helm-122,281109,48,64
Helm-123,281772,72,96
Helm-124,282375,48,64
Helm-125,282539,48,64
Helm-126,283461,48,64
Helm-127,283465,48,64
Helm-128,283969,48,64
Helm-129,284601,48,64
Helm-130,285269,48,64
Helm-131,285937,48,64
Helm-132,286605,48,64
Helm-133,287401,48,64
Helm-134,281569,48,64
Helm-135,282744,48,64
Helm-136,284681,48,64
Helm-137,284845,48,64
Helm-138,285197,48,64
Helm-139,285385,48,64
Helm-140,285549,72,96
Helm-141,286286,48,64
Helm-142,287673,72,96
Helm-143,288061,48,64
Helm-144,288225,48,64
Helm-145,288617,48,64
Helm-146,289545,48,64
Helm-147,290013,72,96
Helm-148,290425,72,96
Helm-149,291485,48,64
Helm-150,291660,48,64
Helm-151,293135,48,64
Helm-152,293505,48,64
Helm-153,293705,48,64
Helm-154,293905,48,64
Helm-155,293535,48,64
Helm-156,294945,48,64
Helm-157,295615,48,64
Helm-158,295895,48,64
Helm-159,296925,48,64
Helm-160,297375,48,64
Helm-161,297585,48,64
Helm-162,297765,72,96
Helm-163,298340,72,96
Helm-164,298525,48,64
Helm-165,298772,48,64
Helm-166,298912,48,64
Helm-167,300015,48,64
Helm-168,300645,48,64
Helm-169,301045,48,64
Helm-170,301265,48,64
Helm-171,301430,48,64
Helm-172,302560,72,96
Helm-173,392025,48,64
Helm-174,392530,48,64
Helm-175,393295,48,64
Helm-176,393475,48,64
Helm-177,394200,48,64
Helm-178,394560,48,64
Helm-179,395485,48,64
Helm-180,396030,48,64
Helm-181,395840,48,64
Helm-182,396415,48,64
Helm-183,396605,48,64
Helm-184,397035,48,64
Helm-185,398390,48,64
Helm-186,398595,48,64
Helm-187,399680,48,64
Helm-188,401185,48,64
Helm-189,401955,48,64
Helm-190,402120,48,64
Helm-191,402830,48,64
Helm-192,403580,48,64
Helm-193,404375,48,64
Helm-194,405085,48,64
Helm-195,405295,48,64
Helm-196,405110,48,64
Helm-197,404875,48,64
Helm-198,405660,48,64
Helm-199,406415,48,64
Helm-200,407245,48,64
Helm-201,408200,48,64
Helm-202,408935,48,64
Helm-203,409685,48,64
Helm-204,410440,48,64
Helm-205,411435,48,64
Helm-206,412255,48,64
Helm-207,413195,48,64
Helm-208,413945,48,64
Helm-209,414705,48,64
Helm-210,415455,48,64
Helm-211,416545,48,64
Helm-212,417095,48,64
Legs-1,147205,24,48
Legs-2,147369,24,48
Legs-3,147533,24,48
Legs-4,147697,24,48
Legs-5,147861,24,48
Legs-6,148025,48,64
Legs-7,148189,48,64
Legs-8,70137,48,64
Legs-9,148349,48,64
Legs-10,148509,48,64
Legs-11,115255,48,64
Legs-12,148669,48,64
Legs-13,148829,48,64
Legs-14,148989,48,64
Legs-15,269787,48,64
Legs-16,268197,48,64
Legs-17,269612,48,64
Legs-18,271811,48,64
Legs-19,273109,48,64
Legs-20,283629,48,64
Legs-21,284297,48,64
Legs-22,284929,48,64
Legs-23,285597,48,64
Legs-24,286265,48,64
Legs-25,286933,48,64
Legs-26,283072,48,64
Legs-27,283643,48,64
Legs-28,289849,48,64
Legs-29,294205,48,64
Legs-30,294525,48,64
Legs-31,300450,48,64
Legs-32,302155,48,64
Legs-33,301630,48,64
Legs-34,392870,48,64
Legs-35,394010,48,64
Legs-36,394915,48,64
Legs-37,397840,48,64
Legs-38,400035,48,64
Legs-39,400553,48,64
Legs-40,401540,48,64
Legs-41,402475,48,64
Legs-42,403185,48,64
Legs-43,403935,48,64
Legs-44,404730,48,64
Legs-45,405650,48,64
Legs-46,404500,48,64
Legs-47,405270,48,64
Legs-48,406020,48,64
Legs-49,406770,48,64
Legs-50,407600,48,64
Legs-51,408540,48,64
Legs-52,409290,48,64
Legs-53,410045,48,64
Legs-54,410885,48,64
Legs-55,411820,48,64
Legs-56,412610,48,64
Legs-57,413550,48,64
Legs-58,414300,48,64
Legs-59,415060,48,64
Legs-60,415810,48,64
Feet-1,187205,24,48
Feet-2,187369,24,48
Feet-3,187533,24,48
Feet-4,187697,48,64
Feet-5,187861,48,64
Feet-6,188025,48,64
Feet-7,188185,48,64
Feet-8,188321,48,64
Feet-9,188481,48,64
Feet-10,72353,24,48
Feet-11,188617,48,64
Feet-12,188753,48,64
Feet-13,188889,48,64
Feet-14,270888,48,64
Feet-15,271033,24,48
Feet-16,267673,48,64
Feet-17,269472,48,64
Feet-18,270338,48,64
Feet-19,271975,48,64
Feet-20,283793,48,64
Feet-21,284461,48,64
Feet-22,285093,48,64
Feet-23,285761,48,64
Feet-24,286429,48,64
Feet-25,287097,48,64
Feet-26,283812,48,64
Feet-27,292805,48,64
Feet-28,294005,48,64
Feet-29,294295,48,64
Feet-30,300270,48,64
Feet-31,302350,48,64
Feet-32,301460,48,64
Feet-33,301460,48,64
Feet-34,392705,48,64
Feet-35,393845,48,64
Feet-36,395105,48,64
Feet-37,397455,48,64
Feet-38,397625,48,64
Feet-39,398050,48,64
Feet-40,400220,48,64
Feet-41,400717,48,64
Feet-42,401750,48,64
Feet-43,402665,48,64
Feet-44,403375,48,64
Feet-45,404130,48,64
Feet-46,404920,48,64
Feet-47,405840,48,64
Feet-48,404670,48,64
Feet-49,405460,48,64
Feet-50,406210,48,64
Feet-51,406960,48,64
Feet-52,407800,48,64
Feet-53,408730,48,64
Feet-54,409480,48,64
Feet-55,410235,48,64
Feet-56,411075,48,64
Feet-57,412010,48,64
Feet-58,412800,48,64
Feet-59,413740,48,64
Feet-60,414495,48,64
Feet-61,415250,48,64
Feet-62,416000,48,64
Hand-17,227781,48,64
Hand-18,227829,48,64
Hand-21,227949,48,64
Hand-24,228069,48,64
Hand-25,228117,48,64
Hand-52,229089,48,64
Hand-55,229213,48,64
Hand-56,229237,48,64
Hand-59,229333,48,64
Hand-63,229465,48,64
Hand-65,229525,48,64
Hand-67,229585,48,64
Hand-68,229609,48,64
Hand-70,229669,48,64
Hand-97,230629,72,96
Hand-103,230833,48,64
Hand-105,230893,48,64
Hand-106,230917,48,64
Hand-115,231205,72,96
Hand-119,269715,48,64
Hand-120,269739,48,64
Hand-121,269763,72,96
Hand-124,271405,48,64
Hand-131,263945,48,64
Hand-134,264819,48,64
Hand-135,265209,48,64
Hand-136,265450,48,64
Hand-137,265574,48,64
Hand-143,266801,48,64
Hand-156,268995,48,64
Hand-157,269776,48,64
Hand-160,270855,48,64
Hand-161,270831,48,64
Hand-163,271155,72,96
Hand-164,271203,72,96
Hand-165,271251,72,96
Hand-174,273714,72,96
Hand-184,277090,72,96
Hand-203,279005,72,96
Hand-204,279053,72,96
Hand-208,281640,72,96
Hand-213,282279,72,96
Hand-214,282327,72,96
Hand-224,281337,72,96
Hand-226,281521,72,96
Hand-241,284985,72,96
Hand-242,285361,72,96
Hand-250,286200,72,96
Hand-251,286224,72,96
Hand-254,287277,48,64
Hand-257,288365,48,64
Hand-258,288465,72,96
Hand-259,288513,48,64
Hand-260,288537,48,64
Hand-263,288993,48,64
Hand-269,289485,72,96
Hand-270,290177,72,96
Hand-274,290685,72,96
Hand-275,292565,48,64
Hand-276,293075,48,64
Hand-277,293105,48,64
Hand-281,294265,48,64
Hand-287,297150,48,64
Hand-288,298065,48,64
Hand-290,298724,48,64
Hand-291,298748,48,64
Hand-292,299052,48,64
Hand-293,299775,48,64
Hand-294,300215,48,64
Hand-295,301215,48,64
Hand-296,301535,48,64
Hand-297,301560,48,64
Hand-298,301585,48,64
Hand-299,301610,48,64
Hand-301,301895,72,96
Hand-303,392260,48,64
Hand-306,392365,48,64
Hand-307,392395,48,64
Hand-308,392425,48,64
Hand-309,392480,48,64
Hand-310,392505,48,64
Hand-311,395815,48,64
Hand-312,396005,48,64
Hand-314,396390,48,64
Hand-321,398875,48,64
Hand-323,401057,48,64
Hand-331,406085,72,96
Hand-343,411280,72,96
Hand-344,411305,48,64
Hand-353,416260,72,96
Hand-355,416325,48,64
Hand-356,416735,48,64
Hand-358,416995,48,64
